1 0 0 0 4 2 0 7 8 8 30 46
1 0 0 0 0
2 1 0 0 0
9 1 0 1 0
1 1 1 0 0
0 0 1 0 0
0 0 1 0 0
0 0 1 0 0
0 0 1 0 0
1 0 0 0 0
9 1 0 0 0
2 1 1 0 0
1 1 1 0 0
0 0 1 0 0
0 0 1 0 0
0 0 1 0 0
0 0 1 0 0
2 0 0 0 0
2 0 0 0 0
2 0 1 0 0
0 0 1 0 0
0 0 1 0 0
0 0 1 0 0
0 0 1 0 0
0 0 1 0 0
2 0 0 0 0
9 0 0 0 0
2 0 1 0 0
0 0 1 0 0
0 0 1 0 0
1 1 1 0 0
1 1 1 0 0
1 1 1 0 0
2 0 0 0 0
9 0 0 0 0
2 0 1 0 0
0 0 1 0 0
0 0 1 0 0
1 1 1 0 0
9 1 0 1 0
1 1 1 0 0
1 0 0 0 0
1 0 0 0 0
2 0 1 0 0
1 0 1 0 0
1 0 1 0 0
2 1 1 0 0
2 1 1 0 0
2 1 1 0 0
0 0 0 0 0
0 0 0 0 0
1 0 0 0 0
9 0 0 0 0
1 0 0 0 0
1 0 0 0 0
9 0 0 0 0
1 0 0 0 0
0 0 0 0 0
0 0 0 0 0
1 0 0 0 0
1 0 0 0 0
1 0 0 0 0
1 0 0 0 0
1 0 0 0 0
1 0 0 0 0
